((("myFunction" .
   [0 0 0 0 0 1 0 0 0 0])
  ("demo" .
   [1 0 0 0])
  ("connect" .
   [0 0 0 0 0 0 1])
  ("blog" .
   [1 0 0 0])
  ("dbname" .
   [2 0 0 0 0 0])
  ("username" .
   [1 0 0 0 0 0 0 0])
  ("_POST" .
   [2 0 0 0 0])
  ("rss" .
   [2 0 0])
  ("Background" .
   [0 0 1 1 2 0 0 0 0 0])
  ("if" .
   [2 0])
  ("img_content" .
   [0 0 0 0 2 0 0 0 0 0 0])
  ("close" .
   [2 0 0 0 0])
  ("prefix" .
   [1 0 0 2 0 0])
  ("open" .
   [3 0 0 0])
  ("find" .
   [1 0 0 0])
  ("look_down" .
   [0 0 0 1 0 0 0 0 0])
  ("as_text" .
   [0 0 2 1 0 0 0])
  ("tree" .
   [4 0 0 0])
  ("contents" .
   [1 0 0 0 0 0 0 0])
  ("dir" .
   [2 0 0])
  ("chomp" .
   [2 0 0 0 1])
  ("$sql" .
   [0 0 0 1])
  ("timeout" .
   [1 0 0 0 0 0 0])
  ("import" .
   [0 0 0 0 0 1])
  ("callback" .
   [0 0 0 0 0 0 0 1])
  ("Net::Ping" .
   [0 0 0 0 0 1 0 0 0])
  ("result" .
   [0 0 0 0 1 0])
  ("h3Tag" .
   [0 0 3 1 0])
  ("Spider" .
   [1 0 0 0 0 0])
  ("Request" .
   [0 0 0 0 0 0 3])
  ("full_url" .
   [0 0 0 1 5 0 0 0])
  ("extract_first" .
   [0 0 0 1 0 0 1 0 0 0 0 0 2])
  ("next_page" .
   [0 0 0 0 0 1 0 2 0])
  ("yield" .
   [0 0 2 1 4])
  ("parser" .
   [0 0 0 1 0 0])
  ("Item" .
   [1 0 0 0])
  ("scrapy" .
   [7 0 0 0 0 0])
  ("pprint" .
   [0 0 1 0 0 0])
  ("qah3" .
   [1 0 0 0])
  ("AttributeError" .
   [0 0 0 0 0 0 1 0 0 0 0 0 0 0])
  ("aTag" .
   [2 0 1 1])
  ("qaA" .
   [2 0 0])
  ("text" .
   [5 0 0 0])
  ("titleH1" .
   [0 0 0 0 0 0 1])
  ("root" .
   [1 0 0 0])
  ("lxml" .
   [1 0 0 0])
  ("textwrap" .
   [0 0 0 0 2 0 0 0])
  ("resp" .
   [0 0 0 3])
  ("requests" .
   [3 0 0 1 0 0 0 0])
  ("button" .
   [0 0 0 0 0 1])
  ("Button" .
   [0 0 0 0 2 1])
  ("files" .
   [1 0 0 0 0])
  ("init" .
   [1 0 0 0])
  ("bullets" .
   [1 0 0 0 0 0 0])
  ("shot" .
   [1 0 0 0])
  ("shotProcess" .
   [0 0 0 0 0 0 0 1 0 0 0])
  ("getContext" .
   [0 0 0 0 0 0 0 0 0 1])
  ("getElementById" .
   [0 0 0 0 0 0 0 0 0 0 0 0 0 1])
  ("Document" .
   [0 0 0 0 0 0 0 1])
  ("canvas" .
   [1 0 0 0 0 1])
  ("render" .
   [1 0 0 0 1 0])
  ("get" .
   [6 0 0])
  ("$stat" .
   [0 0 0 0 7])
  ("$sides" .
   [0 0 0 0 2 0])
  ("array_keys" .
   [0 0 0 0 0 0 0 0 0 1])
  ("$number" .
   [0 0 0 1 2 0 1])
  ("$picks" .
   [0 0 0 3 0 2])
  ("calculate_odds" .
   [0 0 0 0 0 0 0 0 0 1 0 0 0 0])
  ("calculhmac" .
   [1 0 0 0 0 0 0 0 0 0])
  ("$remaining" .
   [0 0 0 0 0 1 0 0 0 0])
  ("$odds" .
   [1 0 0 0 1])
  ("$draw" .
   [0 0 0 8 1])
  ("$card" .
   [1 0 0 4 2])
  ("$deck" .
   [0 0 0 4 1])
  ("array_shift" .
   [0 0 0 0 0 0 0 0 0 0 1])
  ("implode" .
   [0 0 0 0 0 1 2])
  ("4gamer" .
   [1 0 0 0 0 0])
  ("$_GET" .
   [3 0 0 0 0])
  ("array_intersect" .
   [0 0 0 0 0 0 0 0 0 0 0 1 0 0 1])
  ("$value" .
   [2 0 0 0 0 1])
  ("$i" .
   [1 0])
  ("mb_substr" .
   [0 0 0 0 0 0 0 0 1])
  ("$valu" .
   [0 0 0 2 0])
  ("$henkou_ato" .
   [2 0 0 0 4 0 0 1 0 2 6])
  ("$henkou_mae" .
   [0 0 0 1 11 0 0 2 3 0 12])
  ("$val" .
   [7 0 0 6])
  ("sort" .
   [0 0 0 3])
  ("$center" .
   [1 0 0 1 2 0 0])
  ("str_replace" .
   [0 0 0 0 0 0 0 0 0 0 1])
  ("$result" .
   [0 0 0 5 2 7 1])
  ("STDIN" .
   [0 0 1 7 0])
  ("$input_lines" .
   [0 0 0 5 0 20 0 0 0 0 0 0])
  ("div" .
   [8 0 0])
  ("html" .
   [9 0 0 0])
  ("body" .
   [3 0 0 0])
  ("$count" .
   [2 0 0 0 3 0])
  ("$limit" .
   [0 0 0 7 0 5])
  ("page" .
   [1 0 0 0])
  ("$page_num" .
   [0 0 0 1 0 0 1 0 0])
  ("$prev" .
   [0 0 0 0 1])
  ("$next" .
   [0 0 1 1 0])
  ("$current_pages" .
   [0 0 0 5 2 0 1 0 0 0 0 0 0 0])
  ("$RSSpath" .
   [0 0 0 1 0 0 0 0])
  ("$script" .
   [0 0 0 0 0 1 0])
  ("$max_nums" .
   [0 0 0 0 0 0 0 1 0])
  ("$current_page" .
   [0 0 0 0 0 0 6 0 0 0 0 0 0])
  ("empty" .
   [0 0 0 0 1])
  ("$pages" .
   [1 0 0 1 0 1])
  ("$page_nums" .
   [0 0 0 0 0 0 0 0 2 0])
  ("ceil" .
   [0 0 0 1])
  ("$max_pages" .
   [0 0 0 1 7 0 0 0 1 0])
  ("$page_count" .
   [0 0 0 0 0 0 0 1 0 1 1])
  ("item" .
   [9 0 0 2])
  ("$page" .
   [1 0 0 1 2])
  ("$link" .
   [4 0 0 2 3])
  ("echo" .
   [0 0 1 1])
  ("$XML" .
   [0 0 9 6])
  ("toChar" .
   [0 0 0 0 1 0])
  ("toCode" .
   [0 0 2 0 0 1])
  ("$bunshi" .
   [5 0 0 0 3 0 0])
  ("$bunbo" .
   [0 0 0 0 1 0])
  ("$gcd" .
   [1 0 0 3])
  ("gmp_strval" .
   [0 0 0 0 0 0 1 1 0 0])
  ("i" .
   [1])
  ("$input" .
   [0 0 0 7 0 5])
  ("$pow" .
   [5 0 0 3])
  ("pow" .
   [2 0 0])
  ("kotae" .
   [0 0 0 0 1])
  ("$test" .
   [6 0 0 2 1])
  ("null" .
   [1 0 0 0])
  ("ob_end_clean" .
   [0 0 0 0 0 0 0 0 0 1 0 0])
  ("profile" .
   [0 0 0 1 0 1 1])
  ("ob_start" .
   [0 0 0 0 0 0 1 0])
  ("$ret" .
   [0 0 0 1])
  ("unset" .
   [0 0 0 0 2])
  ("memory_get_usage" .
   [0 0 0 0 0 0 0 0 0 0 0 0 1 0 0 0])
  ("number_format" .
   [0 0 0 0 0 0 0 0 0 0 0 0 1])
  ("number" .
   [0 0 0 0 1 0])
  ("$end" .
   [2 0 0 2])
  ("$start" .
   [1 0 0 0 8 0])
  ("true" .
   [1 0 0 3])
  ("$bigarray" .
   [0 0 0 0 2 0 0 0 0])
  ("microtime" .
   [0 0 0 0 0 1 0 0 3])
  ("$funcname" .
   [0 0 0 0 2 0 0 1 0])
  ("range" .
   [0 0 0 0 1])
  ("function" .
   [0 0 0 0 0 0 0 10])
  ("phpinfo" .
   [0 0 0 12 0 0 0])
  ("old" .
   [2 0 0])
  ("scanf" .
   [0 0 0 1 2])
  ("float" .
   [0 0 0 4 2])
  ("tashizan" .
   [0 0 0 1 0 1 0 0])
  ("value" .
   [1 0 0 0 0])
  ("euclid" .
   [0 0 1 2 0 0])
  ("amari" .
   [3 0 0 1 0])
  ("log" .
   [1 0 0])
  ("STEP" .
   [0 0 0 1])
  ("MAX" .
   [1 0 0])
  ("WU" .
   [1 0])
  ("WL" .
   [1 0])
  ("printf" .
   [6 0 0 11 15 28])
  ("H_STEP" .
   [0 0 1 0 0 0])
  ("height" .
   [0 0 2 5 0 0])
  ("putchar" .
   [0 0 1 0 1 0 0])
  ("W_STEP" .
   [0 0 2 0 0 0])
  ("weight" .
   [3 0 3 5 0 0])
  ("define" .
   [1 0 1 0 0 14])
  ("foreach" .
   [0 0 0 0 10 6 6])
  ("print" .
   [30 0 0 3 1])
  ("while" .
   [0 0 0 0 1])
  ("aaaaa" .
   [1 0 0 0 0])
  ("include" .
   [0 0 0 4 0 7 9])
  ("main" .
   [1 0 0 0])
  ("TOWN_COUNT" .
   [0 0 3 2 3 0 0 0 0 0])
  ("MAX_COST" .
   [0 0 1 0 0 0 0 0])
  ("typedef" .
   [0 0 0 0 1 0 0])
  ("struct" .
   [0 0 0 0 1 0])
  ("individual" .
   [0 0 0 0 1 1 0 0 0 0])
  ("POPULATION_COUNT" .
   [0 0 0 0 0 0 0 0 0 0 1 0 0 0 0 0])
  ("map" .
   [2 0 0])
  ("target" .
   [0 0 0 1 0 2])
  ("pathway" .
   [0 0 0 0 0 1 2])
  ("return_cost" .
   [0 0 0 0 0 0 0 1 2 0 0])
  ("PENALTY" .
   [1 0 0 1 0 0 0])
  ("path_flag" .
   [0 0 0 0 0 0 1 0 2])
  ("exit" .
   [1 0 0 0])
  ("moji" .
   [7 0 0 0])
  ("return" .
   [0 0 0 2 3 15])
  ("char" .
   [0 0 0 3])
  ("kamoku" .
   [2 0 0 0 0 1])
  ("ten" .
   [10 0 0])
  ("test" .
   [10 0 1 0])
  ("test1" .
   [1 0 0 0 0])
  ("ninzuu" .
   [0 0 0 0 2 2])
  ("double" .
   [0 0 0 6 0 8])
  ("kaisuu" .
   [0 0 0 4 0 2])
  ("$kekka" .
   [0 0 0 0 1 0])
  ("for_test" .
   [1 0 0 0 0 0 1 0])
  ("$ways" .
   [0 0 0 21 3])
  ("$anser" .
   [0 0 0 0 1 0])
  ("gmp_gcd" .
   [0 0 0 0 0 0 1])
  ("$one_winner" .
   [0 0 0 2 12 0 0 0 0 0 0])
  ("$saidai" .
   [0 0 0 4 2 0 0])
  ("fscanf" .
   [0 0 0 1 0 0])
  ("var_dump" .
   [0 0 0 0 0 0 10 10])
  ("$stdin" .
   [0 0 0 0 2 1])
  ("$str" .
   [2 0 0 0])
  ("$line" .
   [1 0 0 0 0])
  ("floor" .
   [0 0 0 0 2])
  ("$title" .
   [3 0 0 4 7 1])
  ("$item" .
   [5 0 0 5 4])
  ("title" .
   [10 0 0 5 1])
  ("variant_abs" .
   [0 0 1 0 0 0 0 0 0 0 0])
  ("fgets" .
   [0 0 0 0 8])
  ("trim" .
   [0 0 0 11])
  ("export" .
   [0 0 0 0 1 0])
  ("explode" .
   [0 0 0 0 0 3 0])
  ("$stuff" .
   [0 0 0 2 3 0])
  ("$pack" .
   [1 0 0 3 1])
  ("$susumu" .
   [0 0 0 0 0 1 0])
  ("$sagaru" .
   [0 0 0 0 0 1 0])
  ("$member" .
   [1 0 0 1 10 0 2])
  ("$key" .
   [2 0 0 2])
  ("array_slice" .
   [0 0 0 0 0 0 0 0 0 2 0])
  ("str_split" .
   [0 0 0 0 0 0 0 1 3])
  ("$length" .
   [0 0 0 0 3 1 0])
  ("array_map" .
   [0 0 0 0 0 0 1 0 0])
  ("array_diff" .
   [0 0 0 0 0 0 0 0 0 1])
  ("array_count_values" .
   [0 0 0 0 0 0 0 0 0 0 0 1 0 0 0 0 0 0])
  ("href" .
   [3 0 1 3])
  ("header" .
   [0 0 0 0 0 1])
  ("$url" .
   [1 0 0 0])
  ("gamespark" .
   [0 0 0 0 1 0 0 0 0])
  ("$_SERVER" .
   [1 0 0 0 0 0 0 0])
  ("$app" .
   [21 0 0 0])
  ("mt_rand" .
   [0 0 0 0 0 0 2])
  ("roll" .
   [3 0 0 1])
  ("array" .
   [0 0 0 1 17])
  ("$hands" .
   [1 0 0 1 2 0])
  ("$weapons" .
   [0 0 0 2 1 0 0 9])
  ("print_r" .
   [0 0 0 0 0 0 7])
  ("substr" .
   [0 0 0 0 0 1])
  ("preg_replace" .
   [0 0 0 0 0 0 0 0 0 0 0 1])
  ("strtolower" .
   [0 0 0 0 0 0 1 0 0 0])
  ("$character" .
   [0 0 0 0 2 1 1 3 0 0])
  ("file_put_contents" .
   [0 0 0 0 0 0 0 1 0 0 0 0 0 0 0 0 0])
  ("$filename" .
   [0 0 0 0 1 1 0 0 0])
  ("serializ" .
   [0 0 0 0 0 0 0 1])
  ("serializable" .
   [0 0 0 0 0 0 0 1 0 0 0 0])
  ("name" .
   [1 0 0 0])
  ("head" .
   [3 0 0 0])
  ("$rules" .
   [0 0 0 1 1 3])
  ("preg_match" .
   [0 0 0 0 0 0 0 0 0 3])
  ("$rule" .
   [0 0 0 0 1])
  ("$matches" .
   [0 0 0 3 4 0 0 0])
  ("php" .
   [3 0 0])
  ("$text" .
   [1 0 0 0 0])
  ("$name" .
   [4 0 0 0 0])
  ("$blogPosts" .
   [0 0 0 0 2 0 0 0 0 0])
  ("$output" .
   [0 0 0 2 0 0 1])
  ("$post" .
   [0 0 0 2 0])
  ("Silex" .
   [1 0 0 0 1])
  ("Provider" .
   [0 0 0 1 1 0 0 0])
  ("FormServiceProvider" .
   [0 0 0 2 0 0 0 0 0 0 0 0 0 0 0 0 0 0 0])
  ("register" .
   [0 0 0 0 0 0 0 2])
  ("$data" .
   [6 0 0 0 0])
  ("add" .
   [2 0 0])
  ("$form" .
   [2 0 0 1 1])
  ("$request" .
   [1 0 0 0 0 0 0 0])
  ("$file_name" .
   [0 0 0 0 0 2 0 0 0 0])
  ("setq" .
   [1 0 0 0])
  ("org-agenda-files" .
   [0 0 0 0 0 0 0 0 0 0 0 0 0 0 0 1])
  ("TODO状態" .
   [1 0 0 0 0 0])
  ("global-set-key" .
   [0 0 0 0 0 0 0 0 0 0 0 0 1 0])
  ("kbd" .
   [1 0 0])
  ("org-agenda" .
   [1 0 0 0 0 0 0 0 0 0])
  ("Field" .
   [2 0 0 0 2])
  ("qaH3" .
   [1 0 1 2])
  ("response" .
   [3 0 0 0 1 16 1 0])
  ("Quote" .
   [1 0 0 0 0])
  ("quote_html" .
   [1 0 0 0 0 0 0 0 0 0])
  ("css" .
   [10 0 1])
  ("items" .
   [0 0 0 0 1])
  ("next" .
   [0 0 0 2])
  ("parse" .
   [1 0 0 0 0])
  ("url" .
   [11 0 0])
  ("time" .
   [0 0 1 0])
  ("parse_item" .
   [2 0 0 0 0 0 0 1 0 0])
  ("data_dir" .
   [1 0 0 0 0 0 0 0])
  ("file_name" .
   [2 0 0 0 0 0 0 0 0])
  ("file" .
   [1 0 0 0])
  ("$pdo" .
   [7 0 0 0])
  ("$row" .
   [2 0 0 0])
  ("mysql" .
   [0 0 0 0 1])
  ("img" .
   [10 0 1])
  ("urls" .
   [2 0 0 0])
  ("count" .
   [7 0 0 2 0])
  ("request" .
   [0 0 7 4 1 0 0])
  ("my" .
   [10 0])
  ("ua" .
   [3 0])
  ("content" .
   [5 0 0 5 1 1 7])
  ("OUT" .
   [11 0 0])
  ("filename" .
   [0 0 0 0 0 0 0 2])
  ("$file" .
   [1 0 0 0 0])
  ("$dsn" .
   [1 0 0 0])
  ("$driver_options" .
   [1 0 0 0 0 0 0 0 0 0 0 0 0 0 0])
  ("PDO" .
   [1 0 0])
  ("$health" .
   [1 0 0 1 0 0 0])
  ("large" .
   [0 0 0 0 1])
  ("text-align" .
   [0 0 0 0 0 0 1 0 0 1])
  ("form_submit" .
   [1 0 0 0 0 0 0 0 0 0 0])
  ("center" .
   [0 0 0 1 0 0])
  ("left" .
   [0 0 0 1])
  ("padding-bottom" .
   [0 0 0 0 0 0 0 0 0 0 1 0 0 0])
  ("mark" .
   [1 0 0 0])
  ("margin-bottom" .
   [0 0 0 0 0 0 0 0 0 1 0 0 0])
  ("right" .
   [0 0 0 0 1])))
